"0","kaggle[475047,]"
